        1924         92.2
        1925         86.0
        1926         62.7
        1927         61.5
        1928         82.0
        1929         77.8
        1930         93.4
        1931         81.0
        1932         67.0
        1933         81.5
        1934        112.5
        1935         37.5
        1936        125.0
        1937         85.2
        1938         77.4
        1939         54.8
        1940         89.2
        1941         81.4
        1942         56.4
        1943         50.2
        1944         69.0
        1945         66.2
        1946         64.7
        1947         82.9
        1948         78.0
        1949         48.6
        1950         62.8
        1951         63.0
        1952         73.9
        1953         80.4
        1954         52.7
        1955         47.5
        1956         48.7
        1957         71.1
        1958         50.0
        1959         67.4
        1960        121.5
        1961         56.9
        1962        124.8
        1963         44.8
        1964         58.0
        1965         49.0
        1966         92.4
        1967         87.4
        1968         58.3
        1969         67.0
        1970         83.9
        1971         63.7
        1972         58.5
        1973         50.7
        1974         76.2
        1975         87.4
        1976         52.6
        1977         91.3
        1978         50.8
        1979        103.9
        1980         89.2
        1981         82.4
        1982         74.6
        1983         77.7
        1984         67.1
        1985         46.0
        1986         55.1
        1987         69.0
        1988         77.5
        1989         78.4
        1990         64.2
        1991         63.6
        1992         70.4
        1993         85.1
        1994         97.3
        1995        107.0
        1996         50.6
        1997         71.9
        1998         53.6
        1999         75.3
        2000         63.8
        2001         84.1
        2002         72.1
        2003         48.6
        2004         51.6
        2005         81.4
        2006         56.9
        2007         49.3